[0.04932602676185402, 0.38965901168617045, 0.11066826614173683, 0.08452328475745949, 0.13892897399696144, 0.007157886350477066, 0.18693598541053566, 0.008241260373914566, -0.005669390833055649, 0.16356774600776466, 0.13606663974555763, 0.05910416873725685, 0.22222563060554298, -0.04014352527824608, 0.076964342916334, -0.0036173221227285, 0.05751844676765236, 0.1588730457666758, 0.1033014896753672, 0.057690108144605484, 0.008358919942701187, 0.028561556661451187, 0.015093291128003922, -0.06946519581047264, 0.12035592826637062, 0.23096784385474953, -0.14236131874290672, -0.05839506355491844, 0.009381139600599137, 0.06272777351173195, 0.13026746543678078, 0.01400502952369484, 0.3002220832549774, 0.3186852180206024, 0.1513268195831024, 0.22543589703671568, 0.21941439740292662, 0.1725823127471649, 0.21450535885922545, 0.006862803622409042, 0.07762770287625426, 0.2416987859451019, 0.33405117623440855, 0.007748647853060897, 0.22354988686673277, 0.09001640908352965, 0.21890930764309996, 0.15828327767483824, 0.4752110270518688, 0.5483349589366344, 0.3955782679576305, 0.5133627680797008, 0.3794654635447887, 0.5520814684886364, 0.4512861994761852, 0.6840437678355602, 0.8096293238658336, 0.7670687464732555, 0.7549079684276012, 0.7231582430858043, 0.914842965986195, 0.8614171771068004, 1.0043801096934704, 0.771880033399525, 0.5254321006793408, 0.5254321006793408, 0.5668234733600048, 0.5120148567218212, 0.7365769453702994, 0.7129067488370963, 0.6709126539884634, 0.6832589216886588, 0.5610732145963736, 0.5543393202482291]
[0.16907345113300143, 0.13847862538837252, 1.0770519858314878, 0.5556286459877378, -0.36385000887371244, -0.22186888399578275, 0.6829181796028501, 0.2868782168342954, 3.891962828653636, 3.8424881124671124, 1.2060583257849835, 1.5142505788977765, 2.158590855615916, 2.2944818163092755, 2.02832752706367, 1.9552226686652325, 0.45494452955085285, 0.3150586271460677, -0.2528072213951921, -0.07823904512566088, 0.2887171888526106]
[0.8823040856255425, 0.8205546273125542, 0.9685367478264703, 0.887565983666314, 1.1135198010338678, 0.9460097683800591, 0.7854200734032526, 1.113332404030694, -0.9967224703894721, -1.2053644763098823, -4.890815983878242, 15.873149622811212, 0.8849803500705293, 0.6917859607272676, 1.2222982936435274, 2.0891377025180393, 1.012104182773166, 1.08667483859592]
[3.1604238202174506, 3.4172549893458686, 4.233268802364668, 3.536840503414472, 2.746786211927732, 2.2235184659560523, 1.959791754682859, 1.599571799238523, 0.24770959218343097, -0.16197554270426434, 0.05725749333699544, 0.06836875279744466]
[1.2458012104034424, -4.136157751083374, 1.5123794078826904, 1.5127589702606201, 0.4179060459136963, 0.4777252674102783, -1.572880506515503, 0.2949554920196533]
[2.022479248046875, 1.9279596328735353, 1.7502271652221681, 1.9792444229125978, 2.7024157762527468, 2.8612759828567507, 2.9913256883621218, 4.148067784309387, 0.990342092514038, 1.205568265914917]
[2.608566035827001, -7.6492841343084965, 1.0668007036050167, 9.323541988929113, 6.515515584343424, -4.024757605201254, 1.3842082161766789, 2.4856061030489704, 8.155695428450903, -6.210863600174586, -2.9851997594038644, 0.6926049490769705]
[1.0495525815270164, -1.2710903666236184, -0.06595406749031762, -0.15278229930184106, -0.7391618273474956, -1.260194160721519, 6.379127166487954, 0.4856101491234517, -10.598458359961386, 8.12619440722001, -0.9069063468025877, 11.156801302905206, -4.960262845282431, 2.5848035113765047, -1.5803995831059172, -1.3621459705876067, -3.1840755396333087, 4.721725518182243, 2.446572954133476, -0.8992579632249225, -10.073880945965325, 2.7643828041109693]
[0.047724092707914445, 1.4029506094315471, -1.0509186141631184, -2.3578404538771687, 2.705687029615921, -5.28224050407024, 6.833517903790755, -4.006495004191118, -5.031656645013178, 4.397937802823102, -8.533877876361991, 4.202924701610422, 6.060620158949709, 3.063949912825441, -7.746184736451292, 11.412998765745973, 1.4749303758533951]
[-0.040399445427788616, 1.0050965415106878, 0.6622940169440376, -0.5126308335198296, 1.6556801901923286, 0.39816428290473094, 18.993704329596625, -1.9202046288384331, 1.7021184073554145]
